R1 = [0.4 4 40];
R2 = 12;
L = 0.1;
